2  2
3  2
4  3
5  2
6  4
7  2
8  4
9  3
10  4
11  2
12  6
13  2
14  4
15  4
16  5
17  2
18  6
19  2
20  6
21  4
22  4
23  2
24  8
25  3
26  4
27  4
28  6
29  2
30  8
31  2
32  6
33  4
34  4
35  4
36  9
37  2
38  4
39  4
40  8
41  2
42  8
43  2
44  6
45  6
46  4
47  2
48  10
49  3
50  6
51  4
52  6
53  2
54  8
55  4
56  8
57  4
58  4
59  2
60  12
61  2
62  4
63  6
64  7
65  4
66  8
67  2
68  6
69  4
70  8
71  2
72  12
73  2
74  4
75  6
76  6
77  4
78  8
79  2
80  10
81  5
82  4
83  2
84  12
85  4
86  4
87  4
88  8
89  2
90  12
91  4
92  6
93  4
94  4
95  4
96  12
97  2
98  6
99  6
100  9
101  2
102  8
103  2
104  8
105  8
106  4
107  2
108  12
109  2
110  8
111  4
112  10
113  2
114  8
115  4
116  6
117  6
118  4
119  4
120  16
121  3
122  4
123  4
124  6
125  4
126  12
127  2
128  8
129  4
130  8
131  2
132  12
133  4
134  4
135  8
136  8
137  2
138  8
139  2
140  12
141  4
142  4
143  4
144  15
145  4
146  4
147  6
148  6
149  2
150  12
151  2
152  8
153  6
154  8
155  4
156  12
157  2
158  4
159  4
160  12
161  4
162  10
163  2
164  6
165  8
166  4
167  2
168  16
169  3
170  8
171  6
172  6
173  2
174  8
175  6
176  10
177  4
178  4
179  2
180  18
181  2
182  8
183  4
184  8
185  4
186  8
187  4
188  6
189  8
190  8
191  2
192  14
193  2
194  4
195  8
196  9
197  2
198  12
199  2
200  12
201  4
202  4
203  4
204  12
205  4
206  4
207  6
208  10
209  4
210  16
211  2
212  6
213  4
214  4
215  4
216  16
217  4
218  4
219  4
220  12
221  4
222  8
223  2
224  12
225  9
226  4
227  2
228  12
229  2
230  8
231  8
232  8
233  2
234  12
235  4
236  6
237  4
238  8
239  2
240  20
241  2
242  6
243  6
244  6
245  6
246  8
247  4
248  8
249  4
250  8
251  2
252  18
253  4
254  4
255  8
256  9
257  2
258  8
259  4
260  12
261  6
262  4
263  2
264  16
265  4
266  8
267  4
268  6
269  2
270  16
271  2
272  10
273  8
274  4
275  6
276  12
277  2
278  4
279  6
280  16
281  2
282  8
283  2
284  6
285  8
286  8
287  4
288  18
289  3
290  8
291  4
292  6
293  2
294  12
295  4
296  8
297  8
298  4
299  4
300  18
301  4
302  4
303  4
304  10
305  4
306  12
307  2
308  12
309  4
310  8
311  2
312  16
313  2
314  4
315  12
316  6
317  2
318  8
319  4
320  14
321  4
322  8
323  4
324  15
325  6
326  4
327  4
328  8
329  4
330  16
331  2
332  6
333  6
334  4
335  4
336  20
337  2
338  6
339  4
340  12
341  4
342  12
343  4
344  8
345  8
346  4
347  2
348  12
349  2
350  12
351  8
352  12
353  2
354  8
355  4
356  6
357  8
358  4
359  2
360  24
361  3
362  4
363  6
364  12
365  4
366  8
367  2
368  10
369  6
370  8
371  4
372  12
373  2
374  8
375  8
376  8
377  4
378  16
379  2
380  12
381  4
382  4
383  2
384  16
385  8
386  4
387  6
388  6
389  2
390  16
391  4
392  12
393  4
394  4
395  4
396  18
397  2
398  4
399  8
400  15
401  2
402  8
403  4
404  6
405  10
406  8
407  4
408  16
409  2
410  8
411  4
412  6
413  4
414  12
415  4
416  12
417  4
418  8
419  2
420  24
421  2
422  4
423  6
424  8
425  6
426  8
427  4
428  6
429  8
430  8
431  2
432  20
433  2
434  8
435  8
436  6
437  4
438  8
439  2
440  16
441  9
442  8
443  2
444  12
445  4
446  4
447  4
448  14
449  2
450  18
451  4
452  6
453  4
454  4
455  8
456  16
457  2
458  4
459  8
460  12
461  2
462  16
463  2
464  10
465  8
466  4
467  2
468  18
469  4
470  8
471  4
472  8
473  4
474  8
475  6
476  12
477  6
478  4
479  2
480  24
481  4
482  4
483  8
484  9
485  4
486  12
487  2
488  8
489  4
490  12
491  2
492  12
493  4
494  8
495  12
496  10
497  4
498  8
499  2
500  12
501  4
502  4
503  2
504  24
505  4
506  8
507  6
508  6
509  2
510  16
511  4
512  10
513  8
514  4
515  4
516  12
517  4
518  8
519  4
520  16
521  2
522  12
523  2
524  6
525  12
526  4
527  4
528  20
529  3
530  8
531  6
532  12
533  4
534  8
535  4
536  8
537  4
538  4
539  6
540  24
541  2
542  4
543  4
544  12
545  4
546  16
547  2
548  6
549  6
550  12
551  4
552  16
553  4
554  4
555  8
556  6
557  2
558  12
559  4
560  20
561  8
562  4
563  2
564  12
565  4
566  4
567  10
568  8
569  2
570  16
571  2
572  12
573  4
574  8
575  6
576  21
577  2
578  6
579  4
580  12
581  4
582  8
583  4
584  8
585  12
586  4
587  2
588  18
589  4
590  8
591  4
592  10
593  2
594  16
595  8
596  6
597  4
598  8
599  2
600  24
601  2
602  8
603  6
604  6
605  6
606  8
607  2
608  12
609  8
610  8
611  4
612  18
613  2
614  4
615  8
616  16
617  2
618  8
619  2
620  12
621  8
622  4
623  4
624  20
625  5
626  4
627  8
628  6
629  4
630  24
631  2
632  8
633  4
634  4
635  4
636  12
637  6
638  8
639  6
640  16
641  2
642  8
643  2
644  12
645  8
646  8
647  2
648  20
649  4
650  12
651  8
652  6
653  2
654  8
655  4
656  10
657  6
658  8
659  2
660  24
661  2
662  4
663  8
664  8
665  8
666  12
667  4
668  6
669  4
670  8
671  4
672  24
673  2
674  4
675  12
676  9
677  2
678  8
679  4
680  16
681  4
682  8
683  2
684  18
685  4
686  8
687  4
688  10
689  4
690  16
691  2
692  6
693  12
694  4
695  4
696  16
697  4
698  4
699  4
700  18
701  2
702  16
703  4
704  14
705  8
706  4
707  4
708  12
709  2
710  8
711  6
712  8
713  4
714  16
715  8
716  6
717  4
718  4
719  2
720  30
721  4
722  6
723  4
724  6
725  6
726  12
727  2
728  16
729  7
730  8
731  4
732  12
733  2
734  4
735  12
736  12
737  4
738  12
739  2
740  12
741  8
742  8
743  2
744  16
745  4
746  4
747  6
748  12
749  4
750  16
751  2
752  10
753  4
754  8
755  4
756  24
757  2
758  4
759  8
760  16
761  2
762  8
763  4
764  6
765  12
766  4
767  4
768  18
769  2
770  16
771  4
772  6
773  2
774  12
775  6
776  8
777  8
778  4
779  4
780  24
781  4
782  8
783  8
784  15
785  4
786  8
787  2
788  6
789  4
790  8
791  4
792  24
793  4
794  4
795  8
796  6
797  2
798  16
799  4
800  18
801  6
802  4
803  4
804  12
805  8
806  8
807  4
808  8
809  2
810  20
811  2
812  12
813  4
814  8
815  4
816  20
817  4
818  4
819  12
820  12
821  2
822  8
823  2
824  8
825  12
826  8
827  2
828  18
829  2
830  8
831  4
832  14
833  6
834  8
835  4
836  12
837  8
838  4
839  2
840  32
841  3
842  4
843  4
844  6
845  6
846  12
847  6
848  10
849  4
850  12
851  4
852  12
853  2
854  8
855  12
856  8
857  2
858  16
859  2
860  12
861  8
862  4
863  2
864  24
865  4
866  4
867  6
868  12
869  4
870  16
871  4
872  8
873  6
874  8
875  8
876  12
877  2
878  4
879  4
880  20
881  2
882  18
883  2
884  12
885  8
886  4
887  2
888  16
889  4
890  8
891  10
892  6
893  4
894  8
895  4
896  16
897  8
898  4
899  4
900  27
901  4
902  8
903  8
904  8
905  4
906  8
907  2
908  6
909  6
910  16
911  2
912  20
913  4
914  4
915  8
916  6
917  4
918  16
919  2
920  16
921  4
922  4
923  4
924  24
925  6
926  4
927  6
928  12
929  2
930  16
931  6
932  6
933  4
934  4
935  8
936  24
937  2
938  8
939  4
940  12
941  2
942  8
943  4
944  10
945  16
946  8
947  2
948  12
949  4
950  12
951  4
952  16
953  2
954  12
955  4
956  6
957  8
958  4
959  4
960  28
961  3
962  8
963  6
964  6
965  4
966  16
967  2
968  12
969  8
970  8
971  2
972  18
973  4
974  4
975  12
976  10
977  2
978  8
979  4
980  18
981  6
982  4
983  2
984  16
985  4
986  8
987  8
988  12
989  4
990  24
991  2
992  12
993  4
994  8
995  4
996  12
997  2
998  4
999  8
1000  16
1001  8
1002  8
1003  4
1004  6
1005  8
1006  4
1007  4
1008  30
1009  2
1010  8
1011  4
1012  12
1013  2
1014  12
1015  8
1016  8
1017  6
1018  4
1019  2
1020  24
1021  2
1022  8
1023  8
1024  11
1025  6
1026  16
1027  4
1028  6
1029  8
1030  8
1031  2
1032  16
1033  2
1034  8
1035  12
1036  12
1037  4
1038  8
1039  2
1040  20
1041  4
1042  4
1043  4
1044  18
1045  8
1046  4
1047  4
1048  8
1049  2
1050  24
1051  2
1052  6
1053  10
1054  8
1055  4
1056  24
1057  4
1058  6
1059  4
1060  12
1061  2
1062  12
1063  2
1064  16
1065  8
1066  8
1067  4
1068  12
1069  2
1070  8
1071  12
1072  10
1073  4
1074  8
1075  6
1076  6
1077  4
1078  12
1079  4
1080  32
1081  4
1082  4
1083  6
1084  6
1085  8
1086  8
1087  2
1088  14
1089  9
1090  8
1091  2
1092  24
1093  2
1094  4
1095  8
1096  8
1097  2
1098  12
1099  4
1100  18
1101  4
1102  8
1103  2
1104  20
1105  8
1106  8
1107  8
1108  6
1109  2
1110  16
1111  4
1112  8
1113  8
1114  4
1115  4
1116  18
1117  2
1118  8
1119  4
1120  24
1121  4
1122  16
1123  2
1124  6
1125  12
1126  4
1127  6
1128  16
1129  2
1130  8
1131  8
1132  6
1133  4
1134  20
1135  4
1136  10
1137  4
1138  4
1139  4
1140  24
1141  4
1142  4
1143  6
1144  16
1145  4
1146  8
1147  4
1148  12
1149  4
1150  12
1151  2
1152  24
1153  2
1154  4
1155  16
1156  9
1157  4
1158  8
1159  4
1160  16
1161  8
1162  8
1163  2
1164  12
1165  4
1166  8
1167  4
1168  10
1169  4
1170  24
1171  2
1172  6
1173  8
1174  4
1175  6
1176  24
1177  4
1178  8
1179  6
1180  12
1181  2
1182  8
1183  6
1184  12
1185  8
1186  4
1187  2
1188  24
1189  4
1190  16
1191  4
1192  8
1193  2
1194  8
1195  4
1196  12
1197  12
1198  4
1199  4
1200  30
1201  2
1202  4
1203  4
1204  12
1205  4
1206  12
1207  4
1208  8
1209  8
1210  12
1211  4
1212  12
1213  2
1214  4
1215  12
1216  14
1217  2
1218  16
1219  4
1220  12
1221  8
1222  8
1223  2
1224  24
1225  9
1226  4
1227  4
1228  6
1229  2
1230  16
1231  2
1232  20
1233  6
1234  4
1235  8
1236  12
1237  2
1238  4
1239  8
1240  16
1241  4
1242  16
1243  4
1244  6
1245  8
1246  8
1247  4
1248  24
1249  2
1250  10
1251  6
1252  6
1253  4
1254  16
1255  4
1256  8
1257  4
1258  8
1259  2
1260  36
1261  4
1262  4
1263  4
1264  10
1265  8
1266  8
1267  4
1268  6
1269  8
1270  8
1271  4
1272  16
1273  4
1274  12
1275  12
1276  12
1277  2
1278  12
1279  2
1280  18
1281  8
1282  4
1283  2
1284  12
1285  4
1286  4
1287  12
1288  16
1289  2
1290  16
1291  2
1292  12
1293  4
1294  4
1295  8
1296  25
1297  2
1298  8
1299  4
1300  18
1301  2
1302  16
1303  2
1304  8
1305  12
1306  4
1307  2
1308  12
1309  8
1310  8
1311  8
1312  12
1313  4
1314  12
1315  4
1316  12
1317  4
1318  4
1319  2
1320  32
1321  2
1322  4
1323  12
1324  6
1325  6
1326  16
1327  2
1328  10
1329  4
1330  16
1331  4
1332  18
1333  4
1334  8
1335  8
1336  8
1337  4
1338  8
1339  4
1340  12
1341  6
1342  8
1343  4
1344  28
1345  4
1346  4
1347  4
1348  6
1349  4
1350  24
1351  4
1352  12
1353  8
1354  4
1355  4
1356  12
1357  4
1358  8
1359  6
1360  20
1361  2
1362  8
1363  4
1364  12
1365  16
1366  4
1367  2
1368  24
1369  3
1370  8
1371  4
1372  12
1373  2
1374  8
1375  8
1376  12
1377  10
1378  8
1379  4
1380  24
1381  2
1382  4
1383  4
1384  8
1385  4
1386  24
1387  4
1388  6
1389  4
1390  8
1391  4
1392  20
1393  4
1394  8
1395  12
1396  6
1397  4
1398  8
1399  2
1400  24
1401  4
1402  4
1403  4
1404  24
1405  4
1406  8
1407  8
1408  16
1409  2
1410  16
1411  4
1412  6
1413  6
1414  8
1415  4
1416  16
1417  4
1418  4
1419  8
1420  12
1421  6
1422  12
1423  2
1424  10
1425  12
1426  8
1427  2
1428  24
1429  2
1430  16
1431  8
1432  8
1433  2
1434  8
1435  8
1436  6
1437  4
1438  4
1439  2
1440  36
1441  4
1442  8
1443  8
1444  9
1445  6
1446  8
1447  2
1448  8
1449  12
1450  12
1451  2
1452  18
1453  2
1454  4
1455  8
1456  20
1457  4
1458  14
1459  2
1460  12
1461  4
1462  8
1463  8
1464  16
1465  4
1466  4
1467  6
1468  6
1469  4
1470  24
1471  2
1472  14
1473  4
1474  8
1475  6
1476  18
1477  4
1478  4
1479  8
1480  16
1481  2
1482  16
1483  2
1484  12
1485  16
1486  4
1487  2
1488  20
1489  2
1490  8
1491  8
1492  6
1493  2
1494  12
1495  8
1496  16
1497  4
1498  8
1499  2
1500  24
1501  4
1502  4
1503  6
1504  12
1505  8
1506  8
1507  4
1508  12
1509  4
1510  8
1511  2
1512  32
1513  4
1514  4
1515  8
1516  6
1517  4
1518  16
1519  6
1520  20
1521  9
1522  4
1523  2
1524  12
1525  6
1526  8
1527  4
1528  8
1529  4
1530  24
1531  2
1532  6
1533  8
1534  8
1535  4
1536  20
1537  4
1538  4
1539  10
1540  24
1541  4
1542  8
1543  2
1544  8
1545  8
1546  4
1547  8
1548  18
1549  2
1550  12
1551  8
1552  10
1553  2
1554  16
1555  4
1556  6
1557  6
1558  8
1559  2
1560  32
1561  4
1562  8
1563  4
1564  12
1565  4
1566  16
1567  2
1568  18
1569  4
1570  8
1571  2
1572  12
1573  6
1574  4
1575  18
1576  8
1577  4
1578  8
1579  2
1580  12
1581  8
1582  8
1583  2
1584  30
1585  4
1586  8
1587  6
1588  6
1589  4
1590  16
1591  4
1592  8
1593  8
1594  4
1595  8
1596  24
1597  2
1598  8
1599  8
1600  21
1601  2
1602  12
1603  4
1604  6
1605  8
1606  8
1607  2
1608  16
1609  2
1610  16
1611  6
1612  12
1613  2
1614  8
1615  8
1616  10
1617  12
1618  4
1619  2
1620  30
1621  2
1622  4
1623  4
1624  16
1625  8
1626  8
1627  2
1628  12
1629  6
1630  8
1631  4
1632  24
1633  4
1634  8
1635  8
1636  6
1637  2
1638  24
1639  4
1640  16
1641  4
1642  4
1643  4
1644  12
1645  8
1646  4
1647  8
1648  10
1649  4
1650  24
1651  4
1652  12
1653  8
1654  4
1655  4
1656  24
1657  2
1658  4
1659  8
1660  12
1661  4
1662  8
1663  2
1664  16
1665  12
1666  12
1667  2
1668  12
1669  2
1670  8
1671  4
1672  16
1673  4
1674  16
1675  6
1676  6
1677  8
1678  4
1679  4
1680  40
1681  3
1682  6
1683  12
1684  6
1685  4
1686  8
1687  4
1688  8
1689  4
1690  12
1691  4
1692  18
1693  2
1694  12
1695  8
1696  12
1697  2
1698  8
1699  2
1700  18
1701  12
1702  8
1703  4
1704  16
1705  8
1706  4
1707  4
1708  12
1709  2
1710  24
1711  4
1712  10
1713  4
1714  4
1715  8
1716  24
1717  4
1718  4
1719  6
1720  16
1721  2
1722  16
1723  2
1724  6
1725  12
1726  4
1727  4
1728  28
1729  8
1730  8
1731  4
1732  6
1733  2
1734  12
1735  4
1736  16
1737  6
1738  8
1739  4
1740  24
1741  2
1742  8
1743  8
1744  10
1745  4
1746  12
1747  2
1748  12
1749  8
1750  16
1751  4
1752  16
1753  2
1754  4
1755  16
1756  6
1757  4
1758  8
1759  2
1760  24
1761  4
1762  4
1763  4
1764  27
1765  4
1766  4
1767  8
1768  16
1769  4
1770  16
1771  8
1772  6
1773  6
1774  4
1775  6
1776  20
1777  2
1778  8
1779  4
1780  12
1781  4
1782  20
1783  2
1784  8
1785  16
1786  8
1787  2
1788  12
1789  2
1790  8
1791  6
1792  18
1793  4
1794  16
1795  4
1796  6
1797  4
1798  8
1799  4
1800  36
1801  2
1802  8
1803  4
1804  12
1805  6
1806  16
1807  4
1808  10
1809  8
1810  8
1811  2
1812  12
1813  6
1814  4
1815  12
1816  8
1817  4
1818  12
1819  4
1820  24
1821  4
1822  4
1823  2
1824  24
1825  6
1826  8
1827  12
1828  6
1829  4
1830  16
1831  2
1832  8
1833  8
1834  8
1835  4
1836  24
1837  4
1838  4
1839  4
1840  20
1841  4
1842  8
1843  4
1844  6
1845  12
1846  8
1847  2
1848  32
1849  3
1850  12
1851  4
1852  6
1853  4
1854  12
1855  8
1856  14
1857  4
1858  4
1859  6
1860  24
1861  2
1862  12
1863  10
1864  8
1865  4
1866  8
1867  2
1868  6
1869  8
1870  16
1871  2
1872  30
1873  2
1874  4
1875  10
1876  12
1877  2
1878  8
1879  2
1880  16
1881  12
1882  4
1883  4
1884  12
1885  8
1886  8
1887  8
1888  12
1889  2
1890  32
1891  4
1892  12
1893  4
1894  4
1895  4
1896  16
1897  4
1898  8
1899  6
1900  18
1901  2
1902  8
1903  4
1904  20
1905  8
1906  4
1907  2
1908  18
1909  4
1910  8
1911  12
1912  8
1913  2
1914  16
1915  4
1916  6
1917  8
1918  8
1919  4
1920  32
1921  4
1922  6
1923  4
1924  12
1925  12
1926  12
1927  4
1928  8
1929  4
1930  8
1931  2
1932  24
1933  2
1934  4
1935  12
1936  15
1937  4
1938  16
1939  4
1940  12
1941  4
1942  4
1943  4
1944  24
1945  4
1946  8
1947  8
1948  6
1949  2
1950  24
1951  2
1952  12
1953  12
1954  4
1955  8
1956  12
1957  4
1958  8
1959  4
1960  24
1961  4
1962  12
1963  4
1964  6
1965  8
1966  4
1967  4
1968  20
1969  4
1970  8
1971  8
1972  12
1973  2
1974  16
1975  6
1976  16
1977  4
1978  8
1979  2
1980  36
1981  4
1982  4
1983  4
1984  14
1985  4
1986  8
1987  2
1988  12
1989  12
1990  8
1991  4
1992  16
1993  2
1994  4
1995  16
1996  6
1997  2
1998  16
1999  2
2000  20
2001  8
2002  16
2003  2
2004  12
2005  4
2006  8
2007  6
2008  8
2009  6
2010  16
2011  2
2012  6
2013  8
2014  8
2015  8
2016  36
2017  2
2018  4
2019  4
2020  12
2021  4
2022  8
2023  6
2024  16
2025  15
2026  4
2027  2
2028  18
2029  2
2030  16
2031  4
2032  10
2033  4
2034  12
2035  8
2036  6
2037  8
2038  4
2039  2
2040  32
2041  4
2042  4
2043  6
2044  12
2045  4
2046  16
2047  4
2048  12
2049  4
2050  12
2051  4
2052  24
2053  2
2054  8
2055  8
2056  8
2057  6
2058  16
2059  4
2060  12
2061  6
2062  4
2063  2
2064  20
2065  8
2066  4
2067  8
2068  12
2069  2
2070  24
2071  4
2072  16
2073  4
2074  8
2075  6
2076  12
2077  4
2078  4
2079  16
2080  24
2081  2
2082  8
2083  2
2084  6
2085  8
2086  8
2087  2
2088  24
2089  2
2090  16
2091  8
2092  6
2093  8
2094  8
2095  4
2096  10
2097  6
2098  4
2099  2
2100  36
2101  4
2102  4
2103  4
2104  8
2105  4
2106  20
2107  6
2108  12
2109  8
2110  8
2111  2
2112  28
2113  2
2114  8
2115  12
2116  9
2117  4
2118  8
2119  4
2120  16
2121  8
2122  4
2123  4
2124  18
2125  8
2126  4
2127  4
2128  20
2129  2
2130  16
2131  2
2132  12
2133  8
2134  8
2135  8
2136  16
2137  2
2138  4
2139  8
2140  12
2141  2
2142  24
2143  2
2144  12
2145  16
2146  8
2147  4
2148  12
2149  4
2150  12
2151  6
2152  8
2153  2
2154  8
2155  4
2156  18
2157  4
2158  8
2159  4
2160  40
2161  2
2162  8
2163  8
2164  6
2165  4
2166  12
2167  4
2168  8
2169  6
2170  16
2171  4
2172  12
2173  4
2174  4
2175  12
2176  16
2177  4
2178  18
2179  2
2180  12
2181  4
2182  4
2183  4
2184  32
2185  8
2186  4
2187  8
2188  6
2189  4
2190  16
2191  4
2192  10
2193  8
2194  4
2195  4
2196  18
2197  4
2198  8
2199  4
2200  24
2201  4
2202  8
2203  2
2204  12
2205  18
2206  4
2207  2
2208  24
2209  3
2210  16
2211  8
2212  12
2213  2
2214  16
2215  4
2216  8
2217  4
2218  4
2219  4
2220  24
2221  2
2222  8
2223  12
2224  10
2225  6
2226  16
2227  4
2228  6
2229  4
2230  8
2231  4
2232  24
2233  8
2234  4
2235  8
2236  12
2237  2
2238  8
2239  2
2240  28
2241  8
2242  8
2243  2
2244  24
2245  4
2246  4
2247  8
2248  8
2249  4
2250  24
2251  2
2252  6
2253  4
2254  12
2255  8
2256  20
2257  4
2258  4
2259  6
2260  12
2261  8
2262  16
2263  4
2264  8
2265  8
2266  8
2267  2
2268  30
2269  2
2270  8
2271  4
2272  12
2273  2
2274  8
2275  12
2276  6
2277  12
2278  8
2279  4
2280  32
2281  2
2282  8
2283  4
2284  6
2285  4
2286  12
2287  2
2288  20
2289  8
2290  8
2291  4
2292  12
2293  2
2294  8
2295  16
2296  16
2297  2
2298  8
2299  6
2300  18
2301  8
2302  4
2303  6
2304  27
2305  4
2306  4
2307  4
2308  6
2309  2
2310  32
2311  2
2312  12
2313  6
2314  8
2315  4
2316  12
2317  4
2318  8
2319  4
2320  20
2321  4
2322  16
2323  4
2324  12
2325  12
2326  4
2327  4
2328  16
2329  4
2330  8
2331  12
2332  12
2333  2
2334  8
2335  4
2336  12
2337  8
2338  8
2339  2
2340  36
2341  2
2342  4
2343  8
2344  8
2345  8
2346  16
2347  2
2348  6
2349  10
2350  12
2351  2
2352  30
2353  4
2354  8
2355  8
2356  12
2357  2
2358  12
2359  4
2360  16
2361  4
2362  4
2363  4
2364  12
2365  8
2366  12
2367  6
2368  14
2369  4
2370  16
2371  2
2372  6
2373  8
2374  4
2375  8
2376  32
2377  2
2378  8
2379  8
2380  24
2381  2
2382  8
2383  2
2384  10
2385  12
2386  4
2387  8
2388  12
2389  2
2390  8
2391  4
2392  16
2393  2
2394  24
2395  4
2396  6
2397  8
2398  8
2399  2
2400  36
2401  5
2402  4
2403  8
2404  6
2405  8
2406  8
2407  4
2408  16
2409  8
2410  8
2411  2
2412  18
2413  4
2414  8
2415  16
2416  10
2417  2
2418  16
2419  4
2420  18
2421  6
2422  8
2423  2
2424  16
2425  6
2426  4
2427  4
2428  6
2429  4
2430  24
2431  8
2432  16
2433  4
2434  4
2435  4
2436  24
2437  2
2438  8
2439  6
2440  16
2441  2
2442  16
2443  4
2444  12
2445  8
2446  4
2447  2
2448  30
2449  4
2450  18
2451  8
2452  6
2453  4
2454  8
2455  4
2456  8
2457  16
2458  4
2459  2
2460  24
2461  4
2462  4
2463  4
2464  24
2465  8
2466  12
2467  2
2468  6
2469  4
2470  16
2471  4
2472  16
2473  2
2474  4
2475  18
2476  6
2477  2
2478  16
2479  4
2480  20
2481  4
2482  8
2483  4
2484  24
2485  8
2486  8
2487  4
2488  8
2489  4
2490  16
2491  4
2492  12
2493  6
2494  8
2495  4
2496  28
2497  4
2498  4
2499  12
2500  15
